size
10 x 10

starting board
5 0 2 0 2 0 3 1 3 1
0 4 0 1 0 5 0 5 0 4
7 5 1 7 0 0 3 1 3 0
0 4 0 0 0 0 0 0 0 3
2 0 3 4 0 2 0 0 4 0
5 0 2 0 6 0 0 0 0 0
0 1 3 0 1 0 0 4 0 3
6 7 0 3 0 1 4 0 0 1
4 0 3 0 4 0 0 0 0 3
0 1 0 2 0 6 2 0 2 1

regions
00 01 01 01 02 02 02 02 03 03
00 00 00 01 04 04 05 05 03 05
06 06 00 04 04 07 08 05 05 05
06 06 04 04 09 07 08 08 08 10
06 06 06 04 09 09 11 10 10 10
12 12 13 13 13 09 14 14 15 15
12 12 12 13 13 16 17 18 15 15
19 19 12 13 16 16 17 18 20 20
19 19 21 21 21 21 17 18 18 22
19 19 19 21 21 21 17 17 22 22
